             precision    recall  f1-score   support

          0       0.90      0.96      0.93        27
          1       0.97      0.92      0.94        36
          2       1.00      0.97      0.99        40
          3       0.97      1.00      0.99        36
          4       0.96      1.00      0.98        26
          5       0.82      0.97      0.89        34
          6       1.00      0.82      0.90        39
          7       1.00      0.91      0.95        34
          8       0.91      1.00      0.96        32
          9       0.88      1.00      0.93        35
         10       0.94      0.85      0.89        39
         11       0.97      0.90      0.93        31
         12       0.86      0.92      0.89        26
         13       0.93      0.90      0.92        31

avg / total       0.94      0.94      0.94       466
